001111 000011 000011 000011 
000000

000000

000000

000000

000000

000000
000001 
000000

000000

000000

000000

000000
110000 110100 
000000
111111 111111 111111 111111 111111 111111 111111 001111 001111 001111 000011 000011 000011 
000000
100000 
000000

000000

000000

000000
111111 111111 111111 111111 111111 111111 111111 111111 111111 111111 111111 111111 111111 111111 111111 111111 001111 001111 
000000
111111 111111 111111 111111 111111 111111 111111 111111 111111 111111 111111 111111 111111 111111 111111 111111 111111 111111 
000000
111111 111111 111111 111111 111111 111111 111111 111111 111111 111111 111111 111111 111111 111111 111111 111111 111111 111111 
000000
111111 111111 111111 111111 111111 111111 111111 111111 111111 111111 111111 111111 111111 111111 111111 111111 111111 111111 
000000
111111 111111 111111 111111 111111 111111 111111 111111 111111 111111 111111 111111 111111 111111 111111 111111 111111 111111 
000000

000000

000000

000000

000000

000000

000000

000000

000000

000000

000000

000000

000000

000000

000000

000000

000000

000000

000000

000000

000000

000000

000000

000000

000000

000000

000000

000000

000000

000000

000000

000000

000000

000000

000000

000000

000000

000000
000011 
000000

000000

000000

000000

000000

000000

000000

000000

000000

000000

000000

000000

000000

000000

000000

000000

000000

000000
111111 101111 001111 001011 000011 
000000
000001 
000000

000000

000000

000000
000011 000011 000011 001111 001111 001111 001111 
000000
111111 111111 111111 111111 111111 111111 111111 101111 001111 111111 111111 111111 111111 111111 111111 111111 111111 111111 
000000
111111 111111 111111 111111 111111 111111 111111 111111 111111 111111 111111 111111 111111 111111 111111 111111 111111 111111 
000000
111111 111111 111111 111111 111111 111111 111111 111111 111111 111111 111111 111111 111111 111111 111111 111111 111111 111111 101111 000010 
000000

000000

000000

000000

000000

000000

000000

000000

000000

000000

000000

000000

000000

000000
010000 110000 
000000
111111 001111 001111 001010 
000000

000000

000000

000000

000000

000000

000000

000000

000000

000000

000000

000000

000000

000000

000000
111111 111111 111111 111111 101111 001011 000011 000011 
000000

000000
000001 
000000

000000

000000

000000

000000
000001 011111 
000000
111111 111111 111111 111111 111111 111111 111111 111111 111111 111111 111111 111111 111111 111111 001111 001111 111111 111111 
000000
111111 111111 111111 111111 111111 111111 111111 111111 111111 111111 111111 111111 111111 111111 111111 111111 111111 111111 
000000
111111 111111 111111 111111 111111 111111 111111 111111 111111 111111 111111 111111 111111 111111 111111 111111 111111 111111 
000000
111111 111111 111111 111111 111111 111111 111111 111111 111111 111111 111111 111111 111111 111111 111111 111111 111111 111111 111111 111111 111111 111111 111111 111111 111111 111111 111111 111111 111111 111111 111111 111111 111111 111111 111111 111111 
000000
111111 111111 111111 111100 111100 111000 110010 111110 110010 110000 110000 111100 110000 111010 110100 111001 111110 110010 
000000
111111 111111 111100 111011 011011 011110 101011 000010 100000 
000000

000000

000000

000000

000000

000000
010100 110000 100000 
000000
111111 111111 111110 101111 
000000
100000 100000 
000000

000000

000000

000000

000000

000000

000000

000000

000000

000000

000000

000000
111111 111111 101111 001011 000010 
000000

000000

000000
001111 001011 000011 
000000

000000

000000

000000

000000

000000

000000

000000
111111 111111 111111 111111 111111 111111 001111 001111 001111 011111 001111 001111 001111 001111 001111 001111 001111 001111 
000000
111111 111111 111111 111111 111111 111111 111111 111111 111111 111111 111111 111111 111111 111111 111111 111111 111111 111111 111111 111111 111111 111111 111111 111111 111111 111111 111111 111111 111111 111111 111111 111111 111111 111111 111111 
000000
111111 111111 111111 111111 111111 111111 111111 111111 111111 111111 111111 111111 111111 111111 111111 111111 111111 111111 
000000
111111 111111 111111 111111 111111 111111 111111 111111 111111 111111 111111 111111 111111 111111 111111 111111 111111 111111 
000000
111111 111111 111111 111111 111111 111111 111111 111111 111111 111111 111111 111111 111111 111111 111111 111111 111111 111111 
000000
111111 111111 111111 111111 111111 111111 111111 111111 111111 111111 111111 111111 111111 111111 111111 111111 111111 111111 
000000
111111 111111 111111 111111 111111 111111 111111 111111 111111 111111 111111 111111 111111 111111 111111 111111 111111 111111 
000000
111111 111111 111111 111111 111111 111111 111111 111111 111111 111111 111111 111111 111111 111111 111111 111111 111111 111111 111111 111111 111111 111111 111111 111111 111111 111111 111111 111111 111111 111111 111111 111111 111111 111111 111111 111111 
000000
111111 111111 111111 111111 111111 111111 111111 111111 111111 111111 111111 111111 111111 111111 111111 111111 111111 111111 
000000
111111 111111 111111 111111 111111 111111 111111 111111 111111 111111 111111 111111 111111 111111 111111 111111 111111 111111 
000000
111111 111111 111111 111111 111111 111111 111111 111111 111111 111111 111111 111111 111111 111111 111111 111111 111111 111111 
000000
111111 111111 111111 111111 111111 111111 111111 111111 111111 111111 111111 111111 111111 111111 111111 111111 111111 111111 
000000
111111 111111 111111 111111 111111 111111 111111 111111 111111 111111 111111 111111 111111 111111 111111 111111 111111 111111 
000000
111111 111111 111111 111111 111111 111111 111111 111111 111111 111111 111111 111111 111111 111111 111111 111111 111111 111111 